$ANSIBLE_VAULT;1.1;AES256
62633230373031306434353938366236363939303732653434383566323336316264663632613332
6631376165613766336538633166666561333239643438650a383839336234666635363464636633
34313862306465643231616130346465363535636134303462626630366338653639333738633936
6162633637626531330a663239366662336666313437663161323037393239356139313830633033
32383664393836303766623065623830373135306162303139653065663963623661333230663061
61343632313433386366633263356332306661343536623533633635353032306632383763353762
64366434333863303361653763376530623832386465313264643435323466666432313562346231
39383664383361623964366565643737376438616337396331336638333030376433366635623133
33613035336433393438333866616631653232353433393738373261653131363965373061336533
65363638303330373662653133396563313864363161643139363763383361643965636231663633
36643734343834333133373334646362626338626165383161313761343262376263613765313864
30643533633535383866643866393764363732316539366363313434653339653139333366373462
37376263346335653832663364346338383666333035623833633032376539316237396539333064
31386432633832333535396637626464356338666231383334326636663162636463326538626332
65373766396334316337643733636465363934653830366562613763633361356330383531363632
30666336643439646264383633346336373765393064366638363135343732376134373935353132
32353836316336643839363535373439376637616232313739643130643039376163383438383631
34636264396665386535633431323633366434666264386434353232303466383866336139323665
62333539313265393430376232343437303230653131353164613833356465643631666561376666
66363661363564333132613362333265643461373663643561663464376432356261326564643762
64383236353833643834636534313338626162356162313835656361663734663161386333316663
31393761303466616635663636653432366163346264333732656632633036306333363638373839
35356464333331316566316464313163663765636432616166316334656633633964313132366263
37636639343561336262353738626461636662666531393335303762303134613537353464613230
35333235333038623533626464353035356333306662633337303238306233653765373139373835
62313331303230376664343664633233626163323936616639316465353539383061376264643339
31656661653135653032363634663166303834306566393833393364353962313835336561623439
62333262613961383837373638393034643365613164653334323661383538623235376637633066
37303031646462623663343761323232653239313939333566363664623361656566373631616538
63313139336166313666343963343539633162623135663562626631666666363764343433653437
62313031356230613130336333393762323336623934383466306132343336316161346132323935
33633031383733386330633163616465343630323363313536313864383938366237396266633339
36323065306636343333613436333166653564636661643234326262656538663437656466396137
35633431343837353232383664353130343731616639656530333539383038353530393732616539
64333465333432383663393338323137343034633166353038643866663636323862376335373763
64663538303131333737613331373039383864326630343736343466383161333235326137303963
62313037366234373435656532326438313237616331373261313666356465386162623137326531
31396533616363376265636566383762633866613063393765396438633030353262613636373765
64616161346566373338376536653164666330396464626564346631363638656565343933303962
65376133666331356163303032303066343164353066366634333735373161363430373730626532
31346235636561666365346163653836393637633631353365363166313634353333316232333138
30656165383933393335303962363965363961343931373362623231316236373461393335613131
65343065396535656137353533396464356466313930396331366330616666626433303239323039
38363364376138323363636263393966356234393639333731323333306363626363653938653937
65336531666231666636363561306132363861303465616265666535303766333164396130643139
63313335373333363639356131653561306565353636623932366636656466633832633035383165
65393932373761383939323130383865383566646333393932313732343561343066646232366461
36623935656135663266376133663938366133336163336661373835396661313830623266353034
31623162643364343230343838353062616161663937636566663236306232343136336263313161
38383832643932666635656437366164333535656237646531343761383039386164643565633734
64623063393363343630373533616563656432646135646262303061303536356636326530663039
39616362343731323137333563356237656338303433393661613336393564613965323735366163
31633036396166333764353864363835313734343362373738356133346239343333633436346666
39663164353463613762343065366361643532653964323436353830633734336264333161303634
31663230333662656539396134626665336336633330353834623134636631346364313933303439
62323065363565633563396337656461316434396434323735336230396663613865393362323461
63636238653361656262633061313233386461633432393566653434363331363063393031396530
30323663313335666131303830656461373231653334616138396661653837373232343066313861
64333334343931646134373664636538636533373563316664316630363138313364643733626665
36333636653039353234333964653735313965366462336533626332373235313530396431353130
66373832653531653062366663316366656664653831383261653066643736323962343432646533
38666562383837616132356637663035393064656663656236333163616233353533633764613966
30356131643765343731383065343333393131643238303064666436646438313336303935326562
32353261653232383631353735626666363630653364323532666638393363313239633730373466
30376465316632386662343336343736303430643037626337343863626661366431623964626637
35376266663832393937386130313764343236316261396439316361316166316534393138666437
34643832373265616664353838313934313233616565613563303262363934353238393366333063
32626461393565653738646634336235356637373835363662353737666333616234653761636334
36656364613361656330663036316238383637303039343636666166626363663563646566333533
62313532393961346339376431623135393964656463613236613335323339636333386530393731
61346362343262616631363765316165326266653162323838393435626434373065346434333165
64323264366130313634333238343431343861333835303830396534366230333336316131326133
31643338326163393935383731616163343963663764663161353161303436333763306232623337
30643532383466653034643365323830626139376533326465613733666131316161323438663337
36343239313562346261343637653764376333326437626430373436373336313338653637656563
65336463613233353839666566633937623436663163613364336439303233343762396463656162
65353964326566396565356432653632646364303130653065346361383633356633666163666531
62386565366636666331343133626431313339393636323531633232396239323538336535383833
65313365313364346264663035383330396666613734393464653735306338333432616534383936
63356331353066636136336663393534383232313533383035666462336335396361393661323861
30326462643236643633356337636563636166613466346133623632336333616436306430323263
63303532643563353233313236363937323864313231666539303063666665306339313265333230
37366264613536353662613730333835376133326565626266346662313766396661323631356563
31323431326530656535343331623737343265353036373861306262356634633135316430386431
36623533643339383932366264303639363034666138306537376137326461343861313435623762
30363932393063636261643639643365313030306134353364383265323538333262646439653764
65653735393263653432303533666432356333303432336465333464616432373833366537396538
30356465353731393438333737633662613333383064623962323663613066663464323066633338
38633935303634623531376531343336353466643435353861316235646661633765646564373363
38633735393830323263313636646662383437373536666532366130383738626263383936373139
36336238623962336131386332313537376162333636353262333732306335343365623539623838
32383861323539373264633938383362336232613231333330656364333832373033643637363033
38366235303036666538396266336166653163623232343465336235303134616238333361333265
66316262386535633139383237663364656237613365343739636430613565326630316261623762
37386338326634613162363037386461393136323338326139326530666363333130373132636132
65353531383132663261
